
Microphone locations based on the ground truth, mean of all the samples, Grid1 trajectory, 

mic1 =  [2446.54251401408, 1739.80661950704, 1153.6641521126]
mic2 =  [2878.14385070423, -648.52096387323, 047.42606478873] 
mic3 =  [1327.95739056338, -3133.2317347887, 1565.3243452112]     
mic4 =  [-1055.8958454225, -3545.7212705633, 1108.2233426056] 
mic5 =  [-3076.5148278169, -59.025663239436, 1371.4998594366] 
mic6 =  [-2411.8994653521, 2477.19302225352, 1545.0417771126] 
mic7 =  [2227.64751007042, -756.27448823943, 213.49975288732] 
mic8 =  [1789.77055676056, -2376.1133505633, 204.724755] 
mic9 =  [50.1726480281690, -3358.8902147887, 212.66134626760] 
mic10 = [-1920.6491216901, -2820.5012708450, 144.30808760563] 
mic11 = [-2923.6566768309, 718.361786619719, 147.04922309859] 
